Initialisation: 1124598
mm5: 31.474768 s, 65702.007712 MFLOPS
Initialisation: 1118032
mm5: 31.326191 s, 66013.625782 MFLOPS
